00001000010000101111111111111001
00001011001110011111111110011100
00001000001000010000000000000010
00011100001000000000000000000000
00000100000000000000000000000001
00001000001000010000000000000100
00011100001000000000000000000000
00000100000000000000000000000001
00001000001000011111111110011101
00011100001000000000000000000000
00000100000000000000000000000001
00001000001000011111111111100111
00011100001000000000000000000000
00000100000000000000000000000001
00001000001000011111111111100101
00011100001000000000000000000000
00000100000000000000000000000001
00001000001000011111111110011100
00011100001000000000000000000000
00000100000000000000000000000001
00001000001000010000000000000000
00011100001000000000000000000000
00000100000000000000000000000001
00000000000000000000000000000100
00111100000000000000000000101011
11111000000000000000000000000000
11111000000000000000000000000000
00001000010000101111111111111001
11111000000000000000000000000000
00011000001000000000000000000000
00011000001000000000000000000000
00000100000000000000000000000001
00000100010000101111111111111111
00000100001000010000000000000000
11111100000000000000000000000000
11111000000000000000000000000000
11111000000000000000000000000000
00100100000000100000000000101001
11111000000000000000000000000000
00110000000000000000000000011100
11111000000000000000000000000000
00000100001000010000000000000000
11111100000000000000000000000000
11111000000000000000000000000000
01000001010000000000000000000000
11111000000000000000000000000000
11111000000000000000000000000000
01000001011000100000000000000010
00001001100011000000000000000000
00000101011010111111111111111111
11111000000000000000000000000000
11111000000000000000000000000000
01000101100010110000000001011011
11111000000000000000000000000000
00001001101011010000000000000000
01000001110010110000000000001011
00000001100011000000000000000010
00000001110011000000000000000001
00000001100011000000000000000010
11111000000000000000000000000000
01000101101011100000000001001101
11111000000000000000000000000000
01000001111011010000000000001101
00000101111011110000000000000001
00011010000011010000000000000000
00011010000011010000000000000000
00011010001011110000000000000000
00011010001011110000000000000000
00000010000100000000000000000010
00000010001100000000000000000001
00100000000100010000000001010010
11111000000000000000000000000000
00000000000000000000000000000000
11111000000000000000000000000000
11111000000000000000000000000000
00000101101011010000000000000001
00110000000000000000000000111011
11111000000000000000000000000000
11111000000000000000000000000000
11111000000000000000000000000000
00000101100011000000000000000001
00110000000000000000000000110010
11111000000000000000000000000000
11111000000000000000000000000000
00011111111110010000000000000000
00111100000000000000000001011110
11111000000000000000000000000000
11111000000000000000000000000000
00011011111110010000000000000000
00011011111110010000000000000000
00110000000000000000000001001000
11111000000000000000000000000000
11111000000000000000000000000000
00101100000111110000000000000000
11111000000000000000000000000000
11111000000000000000000000000000
11111000000000000000000000000000
00011010010011010000000000000000
00011010010011010000000000000000
01000010100011010000000000001101
00000110100101000000000000000001
00011010011101000000000000000000
00011010011101000000000000000000
00011110010101000000000000000000
00011110011011010000000000000000
00101100000111110000000000000000
11111000000000000000000000000000
